2.705399963017185087e-24
3.322259136212624663e-03
9.480527276603954539e-14
9.480527276603954539e-14
3.322259136212624663e-03
3.322259136212624663e-03
3.322259136212624663e-03
3.322259136212624663e-03
3.322259136212624663e-03
2.705399963017185087e-24
3.322259136212624663e-03
3.322259136212624663e-03
3.322259136212624663e-03
3.322259136212624663e-03
3.322259136212624663e-03
3.322259136212624663e-03
3.322259136212624663e-03
2.705399963017185087e-24
9.480527276603954539e-14
3.322259136212624663e-03
1.582636992231566397e-01
1.849522138419680146e-13
2.492442731233222072e-03
3.322259136212624663e-03
3.322259136212624663e-03
3.322259136212624663e-03
3.322259136212624663e-03
3.322259136212624663e-03
3.322259136212624663e-03
3.322259136212624663e-03
3.322259136212624663e-03
1.794020620185413871e-66
3.322259136212624663e-03
3.322259136212624663e-03
3.322259136212624663e-03
3.322259136212624663e-03
4.297792756154131255e-02
3.322259136212624663e-03
3.322259136212624663e-03
9.480527276603954539e-14
1.317973322698713298e-02
9.480527276603954539e-14
6.481276455114389975e-03
2.705399963017185087e-24
3.322259136212624663e-03
9.480527276603954539e-14
3.322259136212624663e-03
3.322259136212624663e-03
1.849522138419679137e-13
3.720154117251608963e-15
9.480527276603954539e-14
9.480527276603954539e-14
3.322259136212624663e-03
2.705399963017185087e-24
9.480527276603954539e-14
2.705399963017185087e-24
9.480527276603954539e-14
3.322259136212624663e-03
3.322259136212624663e-03
9.480527276603954539e-14
9.480527276603954539e-14
9.480527276603954539e-14
3.322259136212624663e-03
3.322259136212624663e-03
2.705399963017185087e-24
1.303614797563549280e-12
3.322259136212624663e-03
3.322259136212624663e-03
3.279528092766684222e-02
9.480527276603954539e-14
3.322259136212624663e-03
7.720234061195826269e-35
3.322259136212624663e-03
3.322259136212624663e-03
9.480527276603954539e-14
3.322259136212624663e-03
3.322259136212624663e-03
9.480527276603954539e-14
9.480527276603954539e-14
3.322259136212624663e-03
4.556494366652619340e-13
2.705399963017185087e-24
3.322259136212624663e-03
2.705399963017185087e-24
3.322259136212624663e-03
7.720234061195826269e-35
3.322259136212624663e-03
9.480527276603954539e-14
2.990465216800391665e-02
1.317973322698713298e-02
9.480527276603954539e-14
3.322259136212624663e-03
3.322259136212624663e-03
5.262426957067897065e-02
9.480527276603954539e-14
3.322259136212624663e-03
4.568254533685462554e-02
3.322259136212624663e-03
3.279528092766684222e-02
9.480527276603954539e-14
3.322259136212624663e-03
9.480527276603954539e-14
3.322259136212624663e-03
2.504760985542612076e-02
2.504760985542612076e-02
3.322259136212624663e-03
4.283272269347079830e-01
3.322259136212624663e-03
3.322259136212624663e-03
3.322259136212624663e-03
3.322259136212624663e-03
3.322259136212624663e-03
3.322259136212624663e-03
2.705399963017185087e-24
3.322259136212624663e-03
7.916473009708603509e-13
2.705399963017185087e-24
2.705399963017185087e-24
3.322259136212624663e-03
6.286782604036618609e-56
3.322259136212624663e-03
3.322259136212624663e-03
2.705399963017185087e-24
9.480527276603954539e-14
3.322259136212624663e-03
9.480527276603954539e-14
9.480527276603954539e-14
3.322259136212624663e-03
3.322259136212624663e-03
3.322259136212624663e-03
9.480527276603954539e-14
9.480527276603954539e-14
3.322259136212624663e-03
9.480527276603954539e-14
2.705399963017185087e-24
9.480527276603954539e-14
2.466858392337850386e-65
9.480527276603954539e-14
7.720234061195826269e-35
1.596731341733514942e-02
9.480527276603954539e-14
3.322259136212624663e-03
3.322259136212624663e-03
9.480527276603954539e-14
9.480527276603954539e-14
3.322259136212624663e-03
3.322259136212624663e-03
2.705399963017185087e-24
3.322259136212624663e-03
2.504760985542612076e-02
9.480527276603954539e-14
9.480527276603954539e-14
3.322259136212624663e-03
3.322259136212624663e-03
3.322259136212624663e-03
3.322259136212624663e-03
3.322259136212624663e-03
3.322259136212624663e-03
3.322259136212624663e-03
3.322259136212624663e-03
3.322259136212624663e-03
1.341436525815614027e-03
3.322259136212624663e-03
3.322259136212624663e-03
3.322259136212624663e-03
7.720234061195826269e-35
9.480527276603954539e-14
2.705399963017185087e-24
9.480527276603954539e-14
9.480527276603954539e-14
2.705399963017185087e-24
3.322259136212624663e-03
3.322259136212624663e-03
9.480527276603954539e-14
3.279528092766684222e-02
3.322259136212624663e-03
3.322259136212624663e-03
3.322259136212624663e-03
3.322259136212624663e-03
9.480527276603954539e-14
2.741397175401857206e-02
3.322259136212624663e-03
6.481276455114389975e-03
3.322259136212624663e-03
3.322259136212624663e-03
3.322259136212624663e-03
3.322259136212624663e-03
3.322259136212624663e-03
3.322259136212624663e-03
3.322259136212624663e-03
3.322259136212624663e-03
3.322259136212624663e-03
3.322259136212624663e-03
3.322259136212624663e-03
9.480527276603954539e-14
3.322259136212624663e-03
9.480527276603954539e-14
9.480527276603954539e-14
3.322259136212624663e-03
9.480527276603954539e-14
3.322259136212624663e-03
1.341436525815614027e-03
9.480527276603954539e-14
3.322259136212624663e-03
2.441568142868257778e-04
3.322259136212624663e-03
9.480527276603954539e-14
3.322259136212624663e-03
3.322259136212624663e-03
3.322259136212624663e-03
3.322259136212624663e-03
3.322259136212624663e-03
3.322259136212624663e-03
3.322259136212624663e-03
3.348524803124555661e-22
3.322259136212624663e-03
2.705399963017185087e-24
3.322259136212624663e-03
3.322259136212624663e-03
3.322259136212624663e-03
2.705399963017185087e-24
9.480527276603954539e-14
9.480527276603954539e-14
3.322259136212624663e-03
4.168927988631374281e-98
2.774167935573546712e-02
3.322259136212624663e-03
9.480527276603954539e-14
3.016512218277870097e-02
8.533707304341056226e-13
3.322259136212624663e-03
2.705399963017185087e-24
3.322259136212624663e-03
4.297792756154131255e-02
9.480527276603954539e-14
3.322259136212624663e-03
9.480527276603954539e-14
9.480527276603954539e-14
3.322259136212624663e-03
3.322259136212624663e-03
3.322259136212624663e-03
9.358588316896902624e-13
9.480527276603954539e-14
9.480527276603954539e-14
3.322259136212624663e-03
3.322259136212624663e-03
3.322259136212624663e-03
1.596731341733514942e-02
9.480527276603954539e-14
2.741397175401857206e-02
2.990465216800391665e-02
7.720234061195826269e-35
9.480527276603954539e-14
9.480527276603954539e-14
9.480527276603954539e-14
3.322259136212624663e-03
3.029327620211532191e-44
9.480527276603954539e-14
6.481276455114389975e-03
3.322259136212624663e-03
9.480527276603954539e-14
9.480527276603954539e-14
3.322259136212624663e-03
6.286782604036618609e-56
1.596731341733514942e-02
3.322259136212624663e-03
9.480527276603954539e-14
3.322259136212624663e-03
3.322259136212624663e-03
3.322259136212624663e-03
3.322259136212624663e-03
3.322259136212624663e-03
9.480527276603954539e-14
2.712461600877122089e-05
6.481276455114389975e-03
3.322259136212624663e-03
3.322259136212624663e-03
8.533707304341056226e-13
3.322259136212624663e-03
3.322259136212624663e-03
3.322259136212624663e-03
2.712461600877123444e-05
1.988230927389335737e-25
3.322259136212624663e-03
4.297792756154131255e-02
9.480527276603954539e-14
3.322259136212624663e-03
3.322259136212624663e-03
3.322259136212624663e-03
3.322259136212624663e-03
3.322259136212624663e-03
7.720234061195826269e-35
3.322259136212624663e-03
3.322259136212624663e-03
3.322259136212624663e-03
3.322259136212624663e-03
3.322259136212624663e-03
3.322259136212624663e-03
9.480527276603954539e-14
2.774167935573546712e-02
2.504760985542612076e-02
